ALA  0  1
ARG  4  34
  62  180   65   85 
  62  180   65 -175 
  62  180  180   85 
  62  180  180  180 
  62  180  180  -85 
  62  180  -65  175 
  62  180  -65  -85 
-177   65   65   85 
-177   65   65 -175 
-177   65  180   85 
-177   65  180  180 
-177  180   65   85 
-177  180   65 -175 
-177  180   65 -105 
-177  180  180   85 
-177  180  180  180 
-177  180  180  -85 
-177  180  -65  105 
-177  180  -65  175 
-177  180  -65  -85 
 -67  180   65   85 
 -67  180   65 -175 
 -67  180   65 -105 
 -67  180  180   85 
 -67  180  180  180 
 -67  180  180  -85 
 -67  180  -65  105 
 -67  180  -65  175 
 -67 -167  -65  -85 
 -62  -68  180   85 
 -62  -68  180  180 
 -62  -68  180  -85 
 -62  -68  -65  175 
 -62  -68  -65   85 
ARN  4  34
  62  180   65   85 
  62  180   65 -175 
  62  180  180   85 
  62  180  180  180 
  62  180  180  -85 
  62  180  -65  175 
  62  180  -65  -85 
-177   65   65   85 
-177   65   65 -175 
-177   65  180   85 
-177   65  180  180 
-177  180   65   85 
-177  180   65 -175 
-177  180   65 -105 
-177  180  180   85 
-177  180  180  180 
-177  180  180  -85 
-177  180  -65  105 
-177  180  -65  175 
-177  180  -65  -85 
 -67  180   65   85 
 -67  180   65 -175 
 -67  180   65 -105 
 -67  180  180   85 
 -67  180  180  180 
 -67  180  180  -85 
 -67  180  -65  105 
 -67  180  -65  175 
 -67 -167  -65  -85 
 -62  -68  180   85 
 -62  -68  180  180 
 -62  -68  180  -85 
 -62  -68  -65  175 
 -62  -68  -65   85 
ASN  2  7
  62  -10 
  62   30 
-174  -20 
-177   30 
 -65  -20 
 -65  -75 
 -65  120 
ASH  2  5
  62  -10 
  62   30 
-177    0 
-177   65 
 -70  -15 
ASP  2  5
  62  -10 
  62   30 
-177    0 
-177   65 
 -70  -15 
CYS  1  3
  62 
-177 
 -65 
CYT  1  3
  62 
-177 
 -65 
GLN  3  9
  62  180   20 
  70  -75    0 
-177   65 -100 
-177   65   60 
-177  180    0 
 -65   85    0 
 -67  180  -25 
 -65  -65  -40 
 -65  -65  100 
GLH  3  8
  62  180  -20 
  70  -80    0 
-177   65   10 
-177  180    0 
-177  -80  -25 
 -65   85    0 
 -67  180  -10 
 -65  -65  -40 
GLU  3  8
  62  180  -20 
  70  -80    0 
-177   65   10 
-177  180    0 
-177  -80  -25 
 -65   85    0 
 -67  180  -10 
 -65  -65  -40 
GLY  0  1
HIE  2  8
  62  -75 
  62   80 
-177 -165 
-177  -80 
-177   60 
 -65  -70 
 -65  165 
 -65   80 
HIP  2  8
  62  -75 
  62   80 
-177 -165 
-177  -80 
-177   60 
 -65  -70 
 -65  165 
 -65   80 
ILE  2  7
  62  100 
  62  170 
-177   66 
-177  165 
 -65  100 
 -65  170 
 -57  -60 
LEU  2  5
  62   80 
-177   65 
-172  145 
 -85   65 
 -65  175 
LYN  4  27
  62  180   68  180 
  62  180  180   65 
  62  180  180  180 
  62  180  180  -65 
  62  180  -68  180 
-177   68  180   65 
-177   68  180  180 
-177   68  180  -65 
-177  180   68   65 
-177  180   68  180 
-177  180  180   65 
-177  180  180  180 
-177  180  180  -65 
-177  180  -68  180 
-177  180  -68  -65 
 -90   68  180  180 
 -67  180   68   65 
 -67  180   68  180 
 -67  180  180   65 
 -67  180  180  180 
 -67  180  180  -65 
 -67  180  -68  180 
 -67  180  -68  -65 
 -62  -68  180   65 
 -62  -68  180  180 
 -62  -68  180  -65 
 -62  -68  -68  180 
LYS  4  27
  62  180   68  180 
  62  180  180   65 
  62  180  180  180 
  62  180  180  -65 
  62  180  -68  180 
-177   68  180   65 
-177   68  180  180 
-177   68  180  -65 
-177  180   68   65 
-177  180   68  180 
-177  180  180   65 
-177  180  180  180 
-177  180  180  -65 
-177  180  -68  180 
-177  180  -68  -65 
 -90   68  180  180 
 -67  180   68   65 
 -67  180   68  180 
 -67  180  180   65 
 -67  180  180  180 
 -67  180  180  -65 
 -67  180  -68  180 
 -67  180  -68  -65 
 -62  -68  180   65 
 -62  -68  180  180 
 -62  -68  180  -65 
 -62  -68  -68  180 
MET  3  13
  62  180   75 
  62  180  -75 
-177   65   75 
-177   65  180 
-177  180   75 
-177  180  180 
-177  180  -75 
 -67  180   75 
 -67  180  180 
 -67  180  -75 
 -65  -65  103 
 -65  -65  180 
 -65  -65  -70 
PHE  2  4
  62   90 
-177   80 
 -65  -85 
 -65  -30 
PRO  3  2
  28  -36  149 
 -28   39   86 
SER  1  3
  62 
-177 
 -65 
THR  1  3
  62 
-175 
 -65 
TRP  2  7
  62  -90 
  62   90 
-177 -105 
-177   90 
 -65  -90 
 -65   -5 
 -65   95 
TYR  2  4
  62   90 
-177   80 
 -65  -85 
 -65  -30 
TYX  2  4
  62   90 
-177   80 
 -65  -85 
 -65  -30 
VAL  1  3
  63 
 175 
 -60